Chromosome	Start	End	Segment	CNF	CN	Call	ProbCall
chr1	149764119	149877621	0.435974911165618	2.70564940975875	3	1	0.934201197296573
chr1	161512783	161640109	0.826537833207363	3.54684880696405	4	1	0.802000742365228
chr1	196788921	196913087	0.581080391627759	2.99193823254241	3	1	0.959740068498385
chr10	18085283	18169603	0.439328094187455	2.71194532746803	3	1	0.936249801613341
chr10	124331855	124355185	-0.536300234006944	1.37907389791959	1	-1	0.93837015092083
chr12	9660033	9717935	-0.800090065971821	1.14862664517521	1	-1	0.958789787362881
chr14	19489123	20404833	0.590000442132172	3.01049441742615	3	1	0.959354897713129
chr14	106325693	106780762	1.28070224539781	4.85914419622233	5	2	0.977624743730359
chr15	20169986	22833673	0.486489790456461	2.80206377220367	3	1	0.953046375636837
chr15	32446080	32912396	0.587052541657775	3.00434926759174	3	1	0.959500352479967
chr15	34673679	34828196	-0.537724562184378	1.37771305279888	1	-1	0.938936295003683
chr16	15068591	15123936	0.558929604822358	2.94635160320035	3	1	0.959997758229059
chr16	18475665	18483273	1.13635918083485	4.39651131230626	4	2	0.968506254846938
chr16	29372560	29624350	0.679719966061008	3.20365760489174	3	1	0.944417591527541
chr16	30204270	30218409	0.695359848520483	3.23857655708777	3	1	0.938938952738265
chr16	32013404	32929073	0.441970569169044	2.71691714370131	3	1	0.937746716032477
chr16	32936848	33786477	1.10722084195485	4.30860499822005	4	2	0.961130394738828
chr16	70076212	70285473	0.50232811197086	2.83299511092661	3	1	0.955819319771958
chr17	34433613	34641533	-0.684391139006244	1.24453677468706	1	-1	0.964479329974941
chr17	36351858	36398345	-1.73867820832274	0.59928816638579	1	-2	0.737327399985516
chr17	44408490	44772045	0.778739162808107	3.43126169844235	3	1	0.879502459218479
chr19	43343436	43530568	-0.980184977392736	1.01382948172946	1	-1	0.863980951021041
chr19	52146438	52150022	1.97062347452029	7.83874923959295	8	2	0.989540096698217
chr19	54801810	54803942	-7.52240266506151	0.0108783030676656	0	-2	0.999999948818362
chr19	55324555	55351171	3.39062618731608	20.9753966468216	21	2	0.996830421346644
chr19	56249488	56284429	0.891145063618719	3.70929513824326	4	1	0.602433608967021
chr2	89156871	89513349	1.19312879595248	4.57296157252619	5	2	0.974358025729878
chr20	1569091	1592037	-4.29714618299634	0.101732589421435	0	-2	0.999034490399636
chr22	22707362	23241807	1.13747717856704	4.39991965194095	4	2	0.968702286455581
chr22	39358293	39388084	1.03285738310078	4.09214533195517	4	2	0.895966693072384
chr22	42522904	42546862	-0.584939811657125	1.33335430264591	1	-1	0.953030213538347
chr3	75781133	75790935	-0.562549568962588	1.35420901742967	1	-1	0.947357065779536
chr4	69340356	69434259	4.12709826087173	34.9470375991931	35	2	0.997913181483177
chr6	203388	367484	0.975319963429914	3.93215437755891	4	2	0.741659283326763
chr6	29068696	29386025	1.2463367979386	4.74476553644505	5	2	0.976597420159862
chr6	29759474	29858355	0.559016020308639	2.94652809097142	3	1	0.959998677763241
chr6	30228925	30530320	0.373301526086425	2.59062738732409	3	1	0.823995354938677
chr6	30882170	30997903	-0.778480042450424	1.16596134317586	1	-1	0.961438143053757
chr6	30999999	31080256	0.399033236581328	2.63724798478896	3	1	0.893337292754725
chr6	31083725	31165619	-1.57471600822932	0.671418405816764	1	-2	0.670555323287114
chr6	31170196	31557456	0.329462334289781	2.51308999242314	3	1	0.542582382053537
chr6	31854369	31868710	-0.546078611310611	1.3697583408845	1	-1	0.942062209361626
chr6	31934835	32012516	-0.626427681592147	1.29555684548064	1	-1	0.960050980526111
chr6	32604218	32713257	-0.96632162691024	1.02361867477944	1	-1	0.88022077475878
chr7	100663299	100691401	-0.396156229184608	1.5197602729257	2	-1	0.703086654075374
chr7	102114026	102389617	0.644484315246165	3.12636086935211	3	1	0.953084386734565
chr7	141765554	141794410	6.35759245716711	164.004598554	164	2	0.998626640150314
chr7	142478686	142482395	2.7793972253997	13.7313086854433	14	2	0.995020294909631
chr8	39311549	39463220	1.18433324835358	4.54516682669666	5	2	0.973814598026766
chr9	65602570	68409620	0.537274874752456	2.90245736430178	3	1	0.959279289493305
chrX	205370	295287	0.487755850699378	2.80452384762751	3	1	0.953303188841064
