Chromosome	Start	End	Segment	CNF	CN	Call	ProbCall
chr1	84348754	89477759	-0.652380742053299	1.27245907592754	1	-1	0.897106501472967
chr1	89478948	93170344	-0.681286105554415	1.24721820748039	1	-1	0.927486294230783
chr1	197036277	227381616	0.3562091461554	2.56011593840959	3	1	0.510832970474446
chr1	227387222	249212623	0.533106352116977	2.89408310894126	3	1	0.931809245282335
chr10	52751104	58121135	0.738092285946529	3.33593756087359	3	1	0.962748870486472
chr11	50003850	51527703	0.5132170412211	2.8544584081699	3	1	0.914943015092727
chr11	69063807	77937863	1.31237289508269	4.9669936248824	5	2	0.960693565955787
chr11	77937868	92258087	0.517959913132391	2.86385790585669	3	1	0.91940803206861
chr11	92430475	105481830	0.368676138676009	2.58233494378353	3	1	0.561625616239298
chr14	23424318	42357269	0.356435967798708	2.56051847348345	3	1	0.511767873382656
chr14	42360404	105996125	0.561995740711076	2.95262009429084	3	1	0.948987892726684
chr14	106053233	106816111	1.54754925328746	5.84640289427417	6	2	0.972873570500148
chr14	106829714	107283157	0.594201964055732	3.01927457816883	3	1	0.960774422448805
chr15	20169986	22567047	0.866150469254842	3.64558532757255	4	1	0.883995104379766
chr16	15068591	15123936	0.814250452460757	3.5167687031711	4	1	0.932353319406563
chr16	18476448	18485429	0.971817811009401	3.92262062129489	4	1	0.619991470978043
chr16	28617496	28621415	2.4109332692301	10.6363648770485	11	2	0.992949326422943
chr16	29460846	29477103	0.354430215584616	2.55696110548403	3	1	0.503491493549142
chr19	52132605	52150022	1.76887013350727	6.81573920336037	7	2	0.980681007216341
chr19	54785958	54804692	0.638607937786458	3.11365249296826	3	1	0.968556690191574
chr19	55329837	55351171	3.4437431150149	21.7620583608968	22	2	0.998679130439117
chr2	89156871	89544633	0.717443572428247	3.28853168892848	3	1	0.966411944416368
chr2	89544907	91809421	-0.683770801305344	1.24507202230687	1	-1	0.929472170537003
chr2	100041196	143959896	0.457410324143985	2.74614979770901	3	1	0.834641647995481
chr2	143973900	183583019	0.686536167064614	3.2188295159628	3	1	0.969400029126633
chr2	208693081	231177492	-0.651488183632787	1.27324655729477	1	-1	0.895920190261184
chr20	1569091	1592349	-3.07749702906179	0.236925103135853	0	-2	0.959775852303744
chr21	9825763	11098768	-0.631559747394701	1.29095637840683	1	-1	0.864618130965566
chr22	22707362	23241807	1.38684302801866	5.23011630202414	5	2	0.965342486320881
chr22	24342271	24384315	-6.7170046404493	0.0190112257036787	0	-2	0.999592032219561
chr22	42897617	42973127	0.40869466493708	2.65496835412073	3	1	0.708050826325437
chr3	48621627	48694822	-0.70565792346232	1.22632559889513	1	-1	0.943673120551238
chr3	108557732	136649474	0.354574868979702	2.5572174948373	3	1	0.504089029573305
chr3	136664455	143271372	0.702169194385927	3.25389837632861	3	1	0.968240361413277
chr4	69332371	69434259	3.32122138733873	19.9902053522651	20	2	0.998384104797389
chr5	180376274	180431880	0.662180167468421	3.16494442646577	3	1	0.969819626290416
chr6	31080136	31324411	-2.00545629835085	0.498112562501803	0	-2	0.844682945717329
chr6	32268424	32667947	-1.6308212549834	0.645808683697606	1	-2	0.76214061857723
chr7	193156	31918781	0.359162527425945	2.5653621912195	3	1	0.5229817999579
chr7	76131620	105915581	0.357965873497783	2.56323521507194	3	1	0.518065965712085
chr7	115857781	117880088	0.466427394405627	2.76336741497433	3	1	0.851710549927328
chr7	141765554	141794410	7.44872204143746	349.396668367069	349	2	0.999998762235202
chr8	41789560	43212050	0.37465119207471	2.59305209773988	3	1	0.585364055331992
chr8	47752735	65537110	0.434061696710558	2.70206372008791	3	1	0.781496402744547
chr8	114627698	139603771	0.872183780056629	3.66086298780185	4	1	0.875943146064216
chr9	84545329	84562956	-0.756960636386239	1.18348331239137	1	-1	0.960617964658422
chrX	205370	53112190	-1.15760579122428	0.89651163315802	1	-2	0.415517933736565
chrX	53112257	57936246	-0.600469796962108	1.31907829822861	1	-1	0.793353539423895
chrX	62569976	154774974	-0.570702534829845	1.34657768766273	1	-1	0.693836323338114
chrX	155003533	155240173	0.534690630860449	2.89726295821231	3	1	0.932956356496306
chrY	165726	2642870	-0.717283635207371	1.21648317338221	1	-1	0.94920021954176
chrY	2654931	9384233	5.92371035445493	121.407215329469	121	2	0.999980806764277
chrY	13309513	27677262	6.63244995254603	198.424994125674	198	2	0.999994560469567
chrY	59106539	59343179	0.440796922372705	2.71470780330514	3	1	0.79821239012514
